Run semi-empirical minimization
 &qmmm
    qm_theory='AM1', grms_tol=0.0005,
 scfconv=1.d-10, ndiis_attempts=700,   qmcharge=0,
 /
   6     C       -5.7300        1.6180       -0.0040 
   1     H       -5.7610        2.2820        0.8660 
   1    H1       -6.6220        0.9840        0.0200 
   1    H2       -5.7750        2.2340       -0.9080 
   6    C1       -4.4740        0.7610        0.0090 
   1    H3       -4.4890        0.0870       -0.8550 
   1    H4       -4.4750        0.1360        0.9090 
   6    C2       -3.2100        1.6210       -0.0260 
   1    H5       -3.2050        2.3010        0.8340 
   1    H6       -3.2130        2.2420       -0.9300 
   6    C3       -1.9480        0.7570       -0.0030 
   1    H7       -1.9520        0.0760       -0.8630 
   1    H8       -1.9460        0.1350        0.9010 
   6    C4       -0.6850        1.6180       -0.0350 
   1    H9       -0.6880        2.3070        0.8180 
   1   H10       -0.6810        2.2310       -0.9450 
   6    C5        0.5790        0.7570        0.0090 
   1   H11        0.5850        0.0680       -0.8450 
   1   H12        0.5730        0.1440        0.9180 
   6    C6        1.8410        1.6200       -0.0200 
   1   H13        1.8270        2.3200        0.8250 
   1   H14        1.8540        2.2210       -0.9370 
   6    C7        3.1040        0.7610        0.0500 
   1   H15        3.1210        0.0620       -0.7950 
   1   H16        3.0890        0.1600        0.9670 
   6    C8        4.3670        1.6250        0.0250 
   1   H17        4.3430        2.3350        0.8610 
   1   H18        4.3900        2.2150       -0.9000 
   6    C9        5.6300        0.7670        0.1180 
   1   H19        5.6550        0.0570       -0.7170 
   1   H20        5.6050        0.1780        1.0430 
   6   C10        6.8910        1.6300        0.0960 
   1   H21        6.8680        2.3460        0.9260 
   1   H22        6.9280        2.2120       -0.8330 
   6   C11        8.1480        0.7820        0.2040 
   1   H23        8.1570        0.2120        1.1390 
   1   H24        9.0380        1.4190        0.1860 
   1   H25        8.2180        0.0760       -0.6300 

