Run semi-empirical minimization
 &qmmm
    qm_theory='AM1', grms_tol=0.0005,
 scfconv=1.d-10, ndiis_attempts=700,   qmcharge=0,
 /
   6     C       -5.6270        1.6790        0.0170 
   1     H       -5.6270        2.3550        0.8780 
   1    H1       -6.5410        1.0790        0.0550 
   1    H2       -5.6550        2.2840       -0.8950 
   6    C1       -4.4040        0.7760        0.0340 
   1    H3       -4.4490        0.0940       -0.8230 
   1    H4       -4.4240        0.1600        0.9400 
   6    C2       -3.1080        1.5860       -0.0140 
   1    H5       -3.0680        2.2650        0.8470 
   1    H6       -3.0970        2.2090       -0.9170 
   6    C3       -1.8810        0.6740       -0.0060 
   1    H7       -1.9180       -0.0000       -0.8710 
   1    H8       -1.8950        0.0460        0.8930 
   6    C4       -0.5850        1.4840       -0.0440 
   1    H9       -0.5380        2.1520        0.8240 
   1   H10       -0.5670        2.1150       -0.9410 
   6    C5        0.6370        0.5810       -0.0450 
   1   H11        0.6640       -0.0440        0.8530 
   1   H12        1.5520        1.1810       -0.0690 
   1   H13        0.6390       -0.0760       -0.9210 

