Run semi-empirical minimization
 &qmmm
    qm_theory='AM1', grms_tol=0.0005,
 scfconv=1.d-10, ndiis_attempts=700,   qmcharge=0,
 /
   6     C      -11.3110       -3.3180       -0.7290 
   1     H      -11.6900       -4.2620       -0.3260 
   1    H1      -10.3830       -3.5280       -1.2700 
   1    H2      -12.0460       -2.9330       -1.4430 
   6    C1      -11.0720       -2.3230        0.3960 
   1    H3      -10.3580       -2.7520        1.1090 
   1    H4      -12.0110       -2.1590        0.9370 
   6    C2      -10.5400       -0.9950       -0.1350 
   1    H5       -9.6040       -1.1550       -0.6850 
   1    H6      -11.2440       -0.5660       -0.8590 
   6    C3      -10.3020        0.0040        0.9900 
   1    H7      -11.2320        0.2130        1.5290 
   1    H8       -9.5660       -0.3710        1.7080 
   8     O       -9.8240        1.2300        0.4520 
   1    H9       -8.9900        1.0410       -0.0110 

