Run semi-empirical minimization
 &qmmm
    qm_theory='AM1', grms_tol=0.0005,
 scfconv=1.d-10, ndiis_attempts=700,   qmcharge=0,
 /
   6     C       -5.6450        1.6160        0.0140 
   1     H       -5.6550        2.3560        0.8210 
   1    H1       -6.5280        0.9790        0.1250 
   1    H2       -5.7270        2.1460       -0.9400 
   6    C1       -4.3800        0.7740        0.0590 
   1    H3       -4.3960        0.0560       -0.7690 
   1    H4       -4.3660        0.1960        0.9900 
   6    C2       -3.1250        1.6420       -0.0260 
   1    H5       -3.1000        2.3320        0.8260 
   1    H6       -3.1600        2.2550       -0.9350 
   6    C3       -1.8570        0.7890       -0.0350 
   1    H7       -1.8850        0.1170       -0.8670 
   1    H8       -1.7980        0.2280        0.8740 
   1    H9       -1.0000        1.4250       -0.1180 

