Run semi-empirical minimization
 &qmmm
    qm_theory='AM1', grms_tol=0.0005,
 scfconv=1.d-10, ndiis_attempts=700,   qmcharge=0,
 /
   6     C       -5.7340        1.6270        0.0040 
   1     H       -5.7600        2.2880        0.8760 
   1    H1       -6.6280        0.9950        0.0300 
   1    H2       -5.7810        2.2450       -0.8980 
   6    C1       -4.4810        0.7660        0.0100 
   1    H3       -4.5010        0.0940       -0.8560 
   1    H4       -4.4810        0.1380        0.9080 
   6    C2       -3.2140        1.6210       -0.0260 
   1    H5       -3.2040        2.2990        0.8370 
   1    H6       -3.2180        2.2460       -0.9270 
   6    C3       -1.9560        0.7520       -0.0090 
   1    H7       -1.9640        0.0760       -0.8720 
   1    H8       -1.9550        0.1260        0.8920 
   6    C4       -0.6880        1.6070       -0.0390 
   1    H9       -0.6880        2.2940        0.8170 
   1   H10       -0.6810        2.2220       -0.9470 
   6    C5        0.5700        0.7380        0.0030 
   1   H11        0.5730        0.0530       -0.8530 
   1   H12        0.5590        0.1220        0.9100 
   6    C6        1.8380        1.5930       -0.0190 
   1   H13        1.8250        2.2920        0.8260 
   1   H14        1.8590        2.1950       -0.9360 
   6    C7        3.0950        0.7260        0.0550 
   1   H15        3.1110        0.0260       -0.7890 
   1   H16        3.0720        0.1240        0.9720 
   6    C8        4.3630        1.5800        0.0360 
   1   H17        4.3480        2.2880        0.8720 
   1   H18        4.4010        2.1680       -0.8880 
   6    C9        5.6140        0.7210        0.1340 
   1   H19        5.6230        0.1450        1.0640 
   1   H20        6.5080        1.3520        0.1160 
   1   H21        5.6760        0.0210       -0.7050 

