Run semi-empirical minimization
 &qmmm
    qm_theory='AM1', grms_tol=0.0005,
 scfconv=1.d-10, ndiis_attempts=700,   qmcharge=0,
 /
   6     C      -11.5960       -3.1820       -1.5140 
   1     H      -12.3760       -3.8610       -1.8740 
   1    H1      -10.6980       -3.7720       -1.3060 
   1    H2      -11.3550       -2.4880       -2.3270 
   6    C1      -12.0700       -2.4150       -0.2790 
   1    H3      -12.9040       -1.7680       -0.5790 
   6    C2      -10.9440       -1.5210        0.2430 
   1    H4      -10.0690       -2.1060        0.5430 
   1    H5      -10.6270       -0.8100       -0.5280 
   1    H6      -11.2800       -0.9430        1.1100 
   6    C3      -12.5840       -3.3570        0.8170 
   1    H7      -13.4580       -3.9190        0.4710 
   1    H8      -12.8900       -2.7820        1.6970 
   8     O      -11.5900       -4.2840        1.2320 
   1    H9      -11.4830       -4.9370        0.5190 

