Run semi-empirical minimization
 &qmmm
    qm_theory='AM1', grms_tol=0.0005,
 scfconv=1.d-10, ndiis_attempts=700,   qmcharge=0,
 /
   6     C       -5.7020        1.6130       -0.0110 
   1     H       -5.7340        2.2800        0.8570 
   1    H1       -6.5940        0.9800        0.0140 
   1    H2       -5.7450        2.2260       -0.9170 
   6    C1       -4.4470        0.7550        0.0080 
   1    H3       -4.4610        0.0770       -0.8530 
   1    H4       -4.4510        0.1330        0.9110 
   6    C2       -3.1820        1.6130       -0.0270 
   1    H5       -3.1780        2.2960        0.8320 
   1    H6       -3.1830        2.2320       -0.9320 
   6    C3       -1.9210        0.7480        0.0020 
   1    H7       -1.9230        0.0650       -0.8570 
   1    H8       -1.9200        0.1290        0.9070 
   6    C4       -0.6580        1.6090       -0.0320 
   1    H9       -0.6620        2.3000        0.8200 
   1   H10       -0.6550        2.2200       -0.9430 
   6    C5        0.6080        0.7510        0.0130 
   1   H11        0.6170        0.0620       -0.8400 
   1   H12        0.6050        0.1400        0.9240 
   6    C6        1.8650        1.6210       -0.0170 
   1   H13        1.8460        2.3210        0.8280 
   1   H14        1.8730        2.2230       -0.9340 
   6    C7        3.1370        0.7750        0.0510 
   1   H15        3.1630        0.0790       -0.7960 
   1   H16        3.1290        0.1710        0.9670 
   6    C8        4.3870        1.6570        0.0290 
   1   H17        4.3510        2.3620        0.8690 
   1   H18        4.3990        2.2530       -0.8920 
   6    C9        5.6660        0.8240        0.1170 
   1   H19        5.7100        0.1250       -0.7270 
   1   H20        5.6510        0.2230        1.0340 
   6   C10        6.9080        1.7170        0.1100 
   1   H21        6.8590        2.4200        0.9510 
   1   H22        6.9250        2.3150       -0.8100 
   6   C11        8.1910        0.8930        0.2080 
   1   H23        8.2530        0.1980       -0.6370 
   1   H24        8.1780        0.2900        1.1240 
   6   C12        9.4240        1.7830        0.2150 
   1   H25        9.4830        2.3780       -0.7020 
   1   H26       10.3310        1.1750        0.2860 
   1   H27        9.4070        2.4690        1.0690 

