Run semi-empirical minimization
 &qmmm
    qm_theory='AM1', grms_tol=0.0005,
 scfconv=1.d-10, ndiis_attempts=700,   qmcharge=0,
 /
   6     C       -5.7050        1.6070       -0.0170 
   1     H       -5.7400        2.2760        0.8490 
   1    H1       -6.5970        0.9720        0.0090 
   1    H2       -5.7470        2.2160       -0.9250 
   6    C1       -4.4490        0.7500        0.0070 
   1    H3       -4.4610        0.0700       -0.8520 
   1    H4       -4.4530        0.1310        0.9120 
   6    C2       -3.1850        1.6090       -0.0280 
   1    H5       -3.1830        2.2940        0.8280 
   1    H6       -3.1860        2.2260       -0.9350 
   6    C3       -1.9230        0.7450        0.0030 
   1    H7       -1.9250        0.0600       -0.8540 
   1    H8       -1.9230        0.1290        0.9100 
   6    C4       -0.6600        1.6070       -0.0320 
   1    H9       -0.6640        2.2980        0.8200 
   1   H10       -0.6570        2.2170       -0.9430 
   6    C5        0.6050        0.7470        0.0130 
   1   H11        0.6120        0.0570       -0.8390 
   1   H12        0.6010        0.1370        0.9240 
   6    C6        1.8630        1.6150       -0.0180 
   1   H13        1.8460        2.3140        0.8280 
   1   H14        1.8710        2.2180       -0.9340 
   6    C7        3.1340        0.7670        0.0480 
   1   H15        3.1580        0.0720       -0.8000 
   1   H16        3.1260        0.1620        0.9630 
   6    C8        4.3830        1.6480        0.0260 
   1   H17        4.3460        2.3550        0.8640 
   1   H18        4.3980        2.2420       -0.8960 
   6    C9        5.6640        0.8170        0.1190 
   1   H19        5.7130        0.1170       -0.7250 
   1   H20        5.6470        0.2170        1.0370 
   6   C10        6.9010        1.7160        0.1140 
   1   H21        6.8360        2.4310        0.9440 
   1   H22        6.9260        2.3000       -0.8130 
   6   C11        8.1910        0.9040        0.2430 
   1   H23        8.2690        0.1990       -0.5940 
   1   H24        8.1610        0.3110        1.1650 
   6   C12        9.4160        1.8200        0.2610 
   6   C13       10.7100        1.0220        0.4200 
   1   H25        9.3250        2.5370        1.0860 
   1   H26        9.4540        2.4000       -0.6690 
   6   C14       11.9240        1.9370        0.4560 
   1   H27       10.8160        0.3140       -0.4100 
   1   H28       10.6750        0.4360        1.3450 
   1   H29       12.0070        2.5160       -0.4700 
   1   H30       12.8400        1.3490        0.5720 
   1   H31       11.8620        2.6380        1.2940 

