Run semi-empirical minimization
 &qmmm
    qm_theory='AM1', grms_tol=0.0005,
 scfconv=1.d-10, ndiis_attempts=700,   qmcharge=0,
 /
   6     C       -5.6450        1.6160        0.0140 
   1     H       -5.6550        2.3560        0.8210 
   1    H1       -6.5280        0.9790        0.1250 
   1    H2       -5.7270        2.1470       -0.9400 
   6    C1       -4.3800        0.7740        0.0590 
   1    H3       -4.3960        0.0560       -0.7690 
   1    H4       -4.3660        0.1960        0.9900 
   6    C2       -3.1250        1.6430       -0.0260 
   1    H5       -3.1000        2.3320        0.8260 
   1    H6       -3.1590        2.2550       -0.9350 
   6    C3       -1.8570        0.7890       -0.0350 
   1    H7       -1.8550        0.1390       -0.9180 
   1    H8       -1.8380        0.1380        0.8470 
   6    C4       -0.6050        1.6510       -0.0450 
   1    H9       -0.5850        2.3070       -0.9200 
   1   H10        0.2890        1.0200       -0.0720 
   1   H11       -0.5520        2.2740        0.8540 

