Run semi-empirical minimization
 &qmmm
    qm_theory='AM1', grms_tol=0.0005,
 scfconv=1.d-10, ndiis_attempts=700,   qmcharge=0,
 /
   6     C       -5.6740        1.6290        0.0130 
   1     H       -5.6950        2.2900        0.8860 
   1    H1       -6.5690        0.9990        0.0430 
   1    H2       -5.7240        2.2480       -0.8880 
   6    C1       -4.4220        0.7670        0.0140 
   1    H3       -4.4470        0.0960       -0.8530 
   1    H4       -4.4210        0.1370        0.9110 
   6    C2       -3.1540        1.6190       -0.0240 
   1    H5       -3.1380        2.2930        0.8410 
   1    H6       -3.1590        2.2470       -0.9230 
   6    C3       -1.8990        0.7450       -0.0160 
   1    H7       -1.9100        0.0760       -0.8850 
   1    H8       -1.9000        0.1110        0.8790 
   6    C4       -0.6260        1.5930       -0.0390 
   1    H9       -0.6240        2.2750        0.8200 
   1   H10       -0.6140        2.2130       -0.9440 
   6    C5        0.6260        0.7160        0.0010 
   1   H11        0.6290        0.0380       -0.8620 
   1   H12        0.6060        0.0900        0.9020 
   6    C6        1.9000        1.5600       -0.0080 
   6    C7        3.1440        0.6900        0.0720 
   1   H13        1.8930        2.2550        0.8400 
   1   H14        1.9400        2.1640       -0.9220 
   1   H15        3.1510        0.1000        0.9940 
   1   H16        4.0440        1.3140        0.0620 
   1   H17        3.1970        0.0020       -0.7780 

