Run semi-empirical minimization
 &qmmm
    qm_theory='AM1', grms_tol=0.0005,
 scfconv=1.d-10, ndiis_attempts=700,   qmcharge=0,
 /
   6     C       -5.6470        1.6150        0.0200 
   1     H       -5.6690        2.2830        0.8870 
   1    H1       -6.5420        0.9850        0.0530 
   1    H2       -5.6960        2.2270       -0.8860 
   6    C1       -4.3950        0.7520        0.0280 
   1    H3       -4.4170        0.0780       -0.8350 
   1    H4       -4.3940        0.1280        0.9290 
   6    C2       -3.1290        1.6080       -0.0120 
   1    H5       -3.1130        2.2790        0.8550 
   1    H6       -3.1400        2.2390       -0.9090 
   6    C3       -1.8680        0.7420       -0.0130 
   1    H7       -1.8780        0.0790       -0.8860 
   1    H8       -1.8590        0.1030        0.8790 
   6    C4       -0.6060        1.6050       -0.0360 
   1    H9       -0.5940        2.2610        0.8430 
   1   H10       -0.6200        2.2530       -0.9220 
   6    C5        0.6590        0.7480       -0.0520 
   1   H11        0.6610        0.1030       -0.9390 
   1   H12        0.6770        0.0920        0.8260 
   6    C6        1.9130        1.6080       -0.0580 
   1   H13        1.9380        2.2590       -0.9370 
   1   H14        2.8060        0.9770       -0.0760 
   1   H15        1.9600        2.2380        0.8370 

